(   2.75790106947549e-3     0.994484197861049   2.75790106947549e-3 )
( 1.0630971700595326e-2    0.9787380565988093 1.0630971700595326e-2 )
( 1.2017974840200493e-2    0.9759640503195989 1.2017974840200493e-2 )
( 1.2707090668731444e-2    0.9745858186625372 1.2707090668731444e-2 )
( 2.8739051981582857e-3    0.9942521896036837 2.8739051981582857e-3 )
( 3.2556083389981186e-2    0.9348878332200375 3.2556083389981186e-2 )
(  5.940877826324881e-3    0.9881182443473502  5.940877826324881e-3 )
( 1.6588684687197553e-4    0.9996682263062562 1.6588684687197553e-4 )
(  3.171268911856541e-2    0.9365746217628692  3.171268911856541e-2 )
(   7.58032487246942e-3    0.9848393502550612   7.58032487246942e-3 )
( 1.2658223959017131e-2    0.9746835520819656 1.2658223959017131e-2 )
(    2.8044987639022e-3    0.9943910024721958    2.8044987639022e-3 )
(  1.648833262701003e-2      0.96702333474598  1.648833262701003e-2 )
(  4.490995520001068e-2    0.9101800895999785  4.490995520001068e-2 )
(  5.779870839805083e-2    0.8844025832038985  5.779870839805083e-2 )
( 6.1929325454584246e-2    0.8761413490908316 6.1929325454584246e-2 )
( 3.0071159692726418e-2    0.9398576806145471 3.0071159692726418e-2 )
( 2.3988657402866276e-3    0.9952022685194266 2.3988657402866276e-3 )
(  4.115901039232386e-2    0.9176819792153523  4.115901039232386e-2 )
(  5.751081370007913e-3    0.9884978372599843  5.751081370007913e-3 )
(  1.069736197369522e-2    0.9786052760526095  1.069736197369522e-2 )
(  6.090317423411892e-3    0.9878193651531761  6.090317423411892e-3 )
( 2.1426640409623245e-2    0.9571467191807533 2.1426640409623245e-2 )
( 1.0080487646167556e-2    0.9798390247076649 1.0080487646167556e-2 )
(  9.996209613091936e-3    0.9800075807738161  9.996209613091936e-3 )
(  7.958159552904177e-3    0.9840836808941914  7.958159552904177e-3 )
(  1.324697655846148e-3    0.9973506046883079  1.324697655846148e-3 )
( 2.9241034197643383e-3    0.9941517931604714 2.9241034197643383e-3 )
( 3.0207778862316225e-3    0.9939584442275365 3.0207778862316225e-3 )
(  9.427534979563182e-3    0.9811449300408738  9.427534979563182e-3 )
(  9.996209613091936e-3    0.9800075807738161  9.996209613091936e-3 )
(  7.471186134380131e-3    0.9850576277312397  7.471186134380131e-3 )
( 1.9839296534587755e-2    0.9603214069308244 1.9839296534587755e-2 )
(  3.817665221905716e-2    0.9236466955618858  3.817665221905716e-2 )
(  5.402851535984871e-3    0.9891942969280303  5.402851535984871e-3 )
(  7.153277324201991e-3     0.985693445351596  7.153277324201991e-3 )
(  1.655384971622221e-2    0.9668923005675556  1.655384971622221e-2 )
(  6.272078937746422e-3    0.9874558421245072  6.272078937746422e-3 )
(  3.007922476860115e-2    0.9398415504627979  3.007922476860115e-2 )
(  6.375066653826481e-4    0.9987249866692345  6.375066653826481e-4 )
(  2.518963439722206e-3    0.9949620731205557  2.518963439722206e-3 )
(  5.484743818437857e-2    0.8903051236312427  5.484743818437857e-2 )
(  2.072024509583199e-2    0.9585595098083359  2.072024509583199e-2 )
(  6.791115671884985e-3    0.9864177686562302  6.791115671884985e-3 )
(  2.315770334533657e-2    0.9536845933093268  2.315770334533657e-2 )
( 1.2863963240926682e-2    0.9742720735181465 1.2863963240926682e-2 )
(  8.277368254475418e-3    0.9834452634910492  8.277368254475418e-3 )
( 1.2017974840200516e-2    0.9759640503195989 1.2017974840200516e-2 )
(   9.34240153856438e-3    0.9813151969228714   9.34240153856438e-3 )
( 1.7834031468640034e-3     0.996433193706272 1.7834031468640034e-3 )
(   0.48581865168355703  2.836269663288606e-2   0.48581865168355703 )
(    0.4916094013441876  1.678119731162477e-2    0.4916094013441876 )
(   0.49386207850329694 1.2275842993406068e-2   0.49386207850329694 )
(   0.43548763602190294   0.12902472795619416   0.43548763602190294 )
(   0.49551200380552074  8.975992388958517e-3   0.49551200380552074 )
(    0.4787136938947989 4.2572612210402185e-2    0.4787136938947989 )
(     0.495505286557389  8.989426885221917e-3     0.495505286557389 )
(    0.2950801172707117    0.4098397654585767    0.2950801172707117 )
(   0.49263875150176734 1.4722496996465283e-2   0.49263875150176734 )
(    0.4220193043964441   0.15596139120711194    0.4220193043964441 )
(   0.32008915992224113    0.3598216801555177   0.32008915992224113 )
(    0.4802355833111794  3.952883337764117e-2    0.4802355833111794 )
(     0.445287746986315   0.10942450602737004     0.445287746986315 )
(     0.495505286557389  8.989426885221927e-3     0.495505286557389 )
(    0.4254553201469463   0.14908935970610732    0.4254553201469463 )
(    0.4854217641848366  2.915647163032667e-2    0.4854217641848366 )
(    0.4802355833111794  3.952883337764123e-2    0.4802355833111794 )
(    0.4494204993435757   0.10115900131284866    0.4494204993435757 )
(   0.48770659117977355 2.4586817640452865e-2   0.48770659117977355 )
(    0.4257785561905342   0.14844288761893168    0.4257785561905342 )
(   0.49320077370021737 1.3598452599565443e-2   0.49320077370021737 )
(      0.47519759863069 4.9604802738619995e-2      0.47519759863069 )
(   0.49748196520207494  5.036069595850128e-3   0.49748196520207494 )
(    0.4914392881539593 1.7121423692081385e-2    0.4914392881539593 )
(    0.4896631735888187  2.067365282236256e-2    0.4896631735888187 )
(    0.4890262772899379 2.1947445420124268e-2    0.4890262772899379 )
(    0.4939870844663576 1.2025831067284939e-2    0.4939870844663576 )
(   0.49858697578712885  2.826048425742422e-3   0.49858697578712885 )
(   0.49251197253961054 1.4976054920778822e-2   0.49251197253961054 )
(     0.394449726000339   0.21110054799932196     0.394449726000339 )
(   0.40874904107763305   0.18250191784473388   0.40874904107763305 )
(   0.39168019573523805   0.21663960852952382   0.39168019573523805 )
(    0.4494204993435757   0.10115900131284863    0.4494204993435757 )
(    0.4968988849716349  6.202230056730149e-3    0.4968988849716349 )
(   0.47295410179231245  5.409179641537511e-2   0.47295410179231245 )
(   0.48332232761169736  3.335534477660537e-2   0.48332232761169736 )
(    0.4930841143214424 1.3831771357115335e-2    0.4930841143214424 )
(   0.48472884499206376  3.054231001587241e-2   0.48472884499206376 )
(   0.45326925609641877  9.346148780716239e-2   0.45326925609641877 )
(    0.4392808821563891   0.12143823568722183    0.4392808821563891 )
(    0.4582100193654362  8.357996126912756e-2    0.4582100193654362 )
(   0.49251197253961054 1.4976054920778846e-2   0.49251197253961054 )
(   0.45300025699034613  9.399948601930777e-2   0.45300025699034613 )
(    0.2950801172707117   0.40983976545857664    0.2950801172707117 )
(    0.4602389731180792  7.952205376384158e-2    0.4602389731180792 )
(   0.45889313168484414  8.221373663031173e-2   0.45889313168484414 )
(    0.4687105690321996  6.257886193560061e-2    0.4687105690321996 )
(   0.48850481597374185  2.299036805251636e-2   0.48850481597374185 )
(   0.27845453546705473   0.44309092906589054   0.27845453546705473 )
(    0.4623104366149441  7.537912677011183e-2    0.4623104366149441 )
(     0.481726386075077   3.65472278498459e-2     0.481726386075077 )
(   0.49424786245375524 1.1504275092489491e-2   0.49424786245375524 )
(    0.4843819909872546  3.123601802549078e-2    0.4843819909872546 )
(    0.4975503474198119  4.899305160376308e-3    0.4975503474198119 )
(    0.4903107678826782 1.9378464234643632e-2    0.4903107678826782 )
(   0.47203722493516437  5.592555012967128e-2   0.47203722493516437 )
(   0.45939027093136114  8.121945813727774e-2   0.45939027093136114 )
(    0.4830719799176825  3.385604016463495e-2    0.4830719799176825 )
(   0.48997630903869044  2.004738192261917e-2   0.48997630903869044 )
(   0.46609296047097676  6.781407905804646e-2   0.46609296047097676 )
(   0.49579603562423374  8.407928751532482e-3   0.49579603562423374 )
(    0.4971655506550072 5.6688986899855005e-3    0.4971655506550072 )
(    0.4912436324527792 1.7512735094441657e-2    0.4912436324527792 )
(     0.490734238635544  1.853152272891211e-2     0.490734238635544 )
(   0.49017829230516224 1.9643415389675643e-2   0.49017829230516224 )
(    0.4922780191186277 1.5443961762744667e-2    0.4922780191186277 )
(    0.4962338440001073  7.532311999785442e-3    0.4962338440001073 )
(     0.455504002520127  8.899199495974586e-2     0.455504002520127 )
(   0.46551222302413114  6.897555395173766e-2   0.46551222302413114 )
(   0.49210317630645767  1.579364738708468e-2   0.49210317630645767 )
(   0.48289647800209995  3.420704399580007e-2   0.48289647800209995 )
(   0.49154953530099843 1.6900929398003275e-2   0.49154953530099843 )
(   0.47225303018889947 5.5493939622201054e-2   0.47225303018889947 )
(    0.4992797887557509 1.4404224884979914e-3    0.4992797887557509 )
(   0.48545378654194077  2.909242691611845e-2   0.48545378654194077 )
(   0.48179921697457734  3.640156605084537e-2   0.48179921697457734 )
(     0.498733853347576  2.532293304848112e-3     0.498733853347576 )
(    0.4985897841369014 2.8204317261970153e-3    0.4985897841369014 )
(   0.49429715430427734  1.140569139144541e-2   0.49429715430427734 )
(   0.48660444845309353 2.6791103093812788e-2   0.48660444845309353 )
(   0.48222656430477817 3.5546871390443616e-2   0.48222656430477817 )
(    0.4585627444359208   8.28745111281584e-2    0.4585627444359208 )
(   0.49348604709457977 1.3027905810840446e-2   0.49348604709457977 )
(    0.4989327929182377 2.1344141635245345e-3    0.4989327929182377 )
(    0.4899824638707774 2.0035072258445173e-2    0.4899824638707774 )
(   0.47407555334427787  5.184889331144417e-2   0.47407555334427787 )
(   0.48552110073437493 2.8957798531250228e-2   0.48552110073437493 )
(    0.4960239387598011  7.952122480397748e-3    0.4960239387598011 )
(   0.49700441463376527  5.991170732469521e-3   0.49700441463376527 )
(   0.48982522051693655  2.034955896612698e-2   0.48982522051693655 )
(   0.48679881356601196 2.6402372867976236e-2   0.48679881356601196 )
(    0.4907982666154276  1.840346676914482e-2    0.4907982666154276 )
(   0.49424786245375524 1.1504275092489491e-2   0.49424786245375524 )
(   0.48179921697457734 3.6401566050845366e-2   0.48179921697457734 )
(    0.4809367715449945 3.8126456910011035e-2    0.4809367715449945 )
(    0.4930372165331759 1.3925566933648364e-2    0.4930372165331759 )
(    0.4981832830848294 3.6334338303412256e-3    0.4981832830848294 )
(   0.49692641414517197  6.147171709656091e-3   0.49692641414517197 )
(   0.48713262640852484 2.5734747182950306e-2   0.48713262640852484 )
(   0.49673294240856963  6.534115182860595e-3   0.49673294240856963 )
